2021-02-22_23-08-50 47.8 21.2 50.1 98057.5
2021-02-22_23-08-55 47.2 21.2 50.1 98064.0
2021-02-22_23-09-00 47.2 21.2 50.1 98061.3
2021-02-22_23-09-06 47.2 21.2 50.0 98063.2
2021-02-22_23-09-11 47.2 21.2 50.0 98062.4
2021-02-22_23-09-16 47.2 21.2 50.2 98066.2
2021-02-22_23-09-21 47.2 21.0 43.4 98066.9
2021-02-22_23-09-27 46.2 20.5 40.4 98064.6
2021-02-22_23-09-32 46.2 20.0 39.7 98062.0
2021-02-22_23-09-37 45.6 19.5 40.0 98063.1
2021-02-22_23-09-42 46.2 19.0 40.2 98055.2
2021-02-22_23-09-48 46.2 18.6 39.8 98052.2
2021-02-22_23-09-53 45.6 18.1 39.7 98066.8
2021-02-22_23-09-58 45.1 17.7 40.9 98058.8
2021-02-22_23-10-03 45.1 17.4 40.9 98058.1
2021-02-22_23-10-08 45.1 17.0 41.8 98059.8
2021-02-22_23-10-14 45.1 16.7 42.1 98059.4
2021-02-22_23-10-19 45.1 16.4 41.8 98057.1
2021-02-22_23-10-24 44.5 16.2 42.5 98065.3
2021-02-22_23-10-29 44.0 15.9 43.3 98057.4
2021-02-22_23-10-35 44.0 15.7 43.6 98060.6
2021-02-22_23-10-40 44.0 15.4 43.6 98059.9
2021-02-22_23-10-45 44.0 15.2 44.1 98058.5
2021-02-22_23-10-50 43.5 15.0 44.6 98057.1
2021-02-22_23-10-56 43.5 14.8 45.4 98059.5
2021-02-22_23-11-01 42.9 14.6 45.3 98059.7
2021-02-22_23-11-06 42.9 14.5 45.6 98056.6
2021-02-22_23-11-11 42.9 14.3 45.8 98058.7
2021-02-22_23-11-17 42.9 14.1 46.1 98048.2
2021-02-22_23-11-22 42.9 14.0 46.4 98058.6
2021-02-22_23-11-27 42.9 13.8 46.6 98059.9
2021-02-22_23-11-32 42.9 13.7 47.0 98059.2
2021-02-22_23-11-37 42.9 13.5 47.2 98053.0
2021-02-22_23-11-43 42.9 13.3 47.6 98058.9
2021-02-22_23-11-48 42.4 13.2 48.0 98063.9
2021-02-22_23-11-53 42.4 13.1 48.2 98063.5
2021-02-22_23-11-58 42.4 13.0 48.5 98054.0
2021-02-22_23-12-04 41.9 13.0 48.7 98057.8
2021-02-22_23-12-09 42.4 12.9 48.8 98064.2
2021-02-22_23-12-14 41.9 12.8 48.8 98059.2
2021-02-22_23-12-19 41.9 12.7 49.1 98053.7
2021-02-22_23-12-25 41.9 12.6 49.0 98057.8
2021-02-22_23-12-30 41.3 12.6 49.3 98057.8
2021-02-22_23-12-35 41.3 12.5 49.5 98055.4
2021-02-22_23-12-40 41.9 12.4 49.6 98056.4
2021-02-22_23-12-45 41.3 12.3 49.9 98055.4
2021-02-22_23-12-51 41.9 12.3 50.0 98057.0
2021-02-22_23-12-56 41.3 12.2 50.1 98058.7
2021-02-22_23-13-01 41.3 12.2 50.3 98060.7
2021-02-22_23-13-06 40.8 12.2 50.4 98053.9
2021-02-22_23-13-12 40.8 12.1 50.4 98054.7
2021-02-22_23-13-17 40.8 12.1 50.5 98055.3
2021-02-22_23-13-22 40.8 12.0 50.5 98057.8
2021-02-22_23-13-27 40.8 12.0 50.7 98054.9
2021-02-22_23-13-33 40.8 12.0 50.9 98051.6
2021-02-22_23-13-38 41.3 11.9 50.9 98056.4
2021-02-22_23-13-43 40.8 11.9 50.9 98051.6
2021-02-22_23-13-48 40.8 11.9 50.9 98067.9
2021-02-22_23-13-53 40.8 11.8 50.9 98066.8
2021-02-22_23-13-59 40.8 11.8 51.1 98063.7
2021-02-22_23-14-04 40.2 11.7 51.2 98064.3
2021-02-22_23-14-09 40.8 11.7 51.4 98056.9
2021-02-22_23-14-14 39.7 11.7 51.3 98066.4
2021-02-22_23-14-20 39.7 11.7 51.4 98064.3
2021-02-22_23-14-25 40.8 11.6 51.5 98064.7
2021-02-22_23-14-30 39.7 11.6 51.6 98057.7
2021-02-22_23-14-35 40.2 11.6 51.6 98058.1
2021-02-22_23-14-41 40.2 11.6 51.7 98057.7
2021-02-22_23-14-46 39.7 11.5 51.6 98059.7
2021-02-22_23-14-51 39.7 11.5 51.7 98054.8
2021-02-22_23-14-56 39.7 11.5 51.8 98057.5
2021-02-22_23-15-01 39.7 11.5 51.8 98061.4
2021-02-22_23-15-07 39.7 11.4 51.9 98060.9
2021-02-22_23-15-12 39.2 11.4 52.0 98063.8
2021-02-22_23-15-17 39.2 11.4 52.0 98060.3
2021-02-22_23-15-22 39.2 11.4 52.0 98057.2
2021-02-22_23-15-28 39.2 11.4 52.2 98060.1
2021-02-22_23-15-33 39.2 11.4 52.3 98057.2
2021-02-22_23-15-38 39.2 11.4 52.3 98053.5
2021-02-22_23-15-43 39.7 11.4 52.3 98059.9
2021-02-22_23-15-49 39.7 11.4 52.3 98060.9
2021-02-22_23-15-54 39.2 11.3 52.4 98063.0
2021-02-22_23-15-59 39.2 11.3 52.5 98056.8
2021-02-22_23-16-04 39.2 11.3 52.4 98060.3
2021-02-22_23-16-09 38.6 11.3 52.4 98054.9
2021-02-22_23-16-15 38.6 11.4 52.5 98065.9
2021-02-22_23-16-20 39.2 11.4 52.4 98060.9
2021-02-22_23-16-25 38.6 11.4 52.4 98064.6
2021-02-22_23-16-30 39.2 11.3 52.2 98055.1
2021-02-22_23-16-36 38.6 11.3 52.3 98055.5
2021-02-22_23-16-41 39.2 11.3 52.4 98060.9
2021-02-22_23-16-46 38.6 11.3 52.4 98058.0
2021-02-22_23-16-51 39.2 11.3 52.5 98057.8
2021-02-22_23-16-57 38.6 11.2 52.5 98056.3
2021-02-22_23-17-02 39.2 11.2 52.6 98059.2
2021-02-22_23-17-07 38.6 11.2 52.6 98060.2
2021-02-22_23-17-12 38.6 11.2 52.7 98063.5
2021-02-22_23-17-18 38.6 11.2 52.6 98059.6
2021-02-22_23-17-23 38.6 11.2 52.6 98067.0
2021-02-22_23-17-28 38.6 11.2 52.6 98065.3
2021-02-22_23-17-33 38.6 11.2 52.7 98062.7
2021-02-22_23-17-38 38.6 11.1 52.7 98063.9
2021-02-22_23-17-44 38.6 11.1 52.7 98062.4
2021-02-22_23-17-49 38.6 11.1 52.9 98060.6
2021-02-22_23-17-54 38.6 11.1 52.9 98064.5
2021-02-22_23-17-59 38.6 11.1 53.0 98061.6
2021-02-22_23-18-05 38.1 11.1 53.1 98063.9
2021-02-22_23-18-10 38.6 11.1 53.3 98060.4
2021-02-22_23-18-15 37.6 11.1 53.3 98062.0
2021-02-22_23-18-20 38.1 11.1 53.2 98059.1
2021-02-22_23-18-26 38.1 11.1 53.2 98064.1
2021-02-22_23-18-31 38.1 11.0 53.2 98066.9
2021-02-22_23-18-36 38.1 11.0 53.3 98062.6
2021-02-22_23-18-41 38.6 11.0 53.3 98066.1
2021-02-22_23-18-46 38.6 11.0 53.3 98064.6
2021-02-22_23-18-52 38.1 11.0 53.2 98063.0
2021-02-22_23-18-57 39.2 11.0 53.2 98065.7
2021-02-22_23-19-02 37.6 11.0 53.2 98058.7
2021-02-22_23-19-07 38.1 11.0 53.2 98062.4
2021-02-22_23-19-13 37.6 11.0 53.2 98063.4
2021-02-22_23-19-18 37.6 11.0 53.2 98060.7
2021-02-22_23-19-23 38.1 11.0 53.3 98068.3
2021-02-22_23-19-28 37.6 11.0 53.3 98067.9
2021-02-22_23-19-34 37.6 11.0 53.2 98064.4
2021-02-22_23-19-39 37.6 11.0 53.1 98063.6
2021-02-22_23-19-44 37.6 11.0 53.1 98060.8
2021-02-22_23-19-49 37.6 11.0 53.1 98067.3
2021-02-22_23-19-54 37.6 11.0 53.1 98065.7
2021-02-22_23-20-00 37.6 11.0 53.1 98068.5
2021-02-22_23-20-05 37.6 11.0 53.2 98069.2
2021-02-22_23-20-10 37.6 11.0 53.2 98063.0
2021-02-22_23-20-15 37.6 11.0 53.1 98065.7
